              precision    recall  f1-score   support

           o       0.93      0.94      0.94      1000
          ki       0.97      0.94      0.95      1000
          su       0.92      0.89      0.90      1000
         tsu       0.95      0.97      0.96      1000
          na       0.92      0.94      0.93      1000
          ha       0.94      0.94      0.94      1000
          ma       0.91      0.97      0.94      1000
          ya       0.97      0.92      0.94      1000
          re       0.97      0.96      0.96      1000
          wo       0.95      0.96      0.95      1000

    accuracy                           0.94     10000
   macro avg       0.94      0.94      0.94     10000
weighted avg       0.94      0.94      0.94     10000